
vertices [
SIMD3<Float>(0.5641896, 0.0, 0.0),
SIMD3<Float>(-0.28209472, 0.0, 0.4886026),
SIMD3<Float>(-0.282095, 0.0, -0.48860243),
SIMD3<Float>(0.5641896, 1.0, 0.0),
SIMD3<Float>(-0.28209472, 1.0, 0.4886026),
SIMD3<Float>(-0.282095, 1.0, -0.48860243),

SIMD3<Float>(0.5641896, 1.0, 0.0),
SIMD3<Float>(-0.28209472, 1.0, 0.4886026),
SIMD3<Float>(-0.282095, 1.0, -0.48860243),
SIMD3<Float>(-0.5641896, 2.0, -8.5190266e-08),
SIMD3<Float>(0.28209478, 2.0, -0.48860258),
SIMD3<Float>(0.28209493, 2.0, 0.48860246)]
indices [0, 3, 1, 4, 2, 5, 0, 3, 3, 3, 3, 6, 4, 7, 5, 8, 3, 6]


vertices [
SIMD3<Float>(0.5641896, 0.0, 0.0),
SIMD3<Float>(-0.28209472, 0.0, 0.4886026),
SIMD3<Float>(-0.282095, 0.0, -0.48860243),
SIMD3<Float>(0.5641896, 1.0, 0.0),
SIMD3<Float>(-0.28209472, 1.0, 0.4886026),
SIMD3<Float>(-0.282095, 1.0, -0.48860243),

SIMD3<Float>(-0.5641896, 2.0, -8.5190266e-08),
SIMD3<Float>(0.28209478, 2.0, -0.48860258),
SIMD3<Float>(0.28209493, 2.0, 0.48860246)]
indices [0, 3, 1, 4, 2, 5, 0, 3, 3, 3, 3, 6, 4, 7, 5, 8, 3, 6]
